x=1:10;
y = 0:0.1:1
